0.000000
0.000000
0.000000
0.000000
0.000000
0.000000
0.000000
0.000000
0.000000
0.000000
0.000000
0.000000
0.000000
15.625000
0.000000
31.250000
15.625000
15.625000
15.625000
15.625000
0.000000
0.000000
0.000000
0.000000
0.000000
0.000000
0.000000
0.000000
15.625000
0.000000
15.625000
31.250000
46.875000
31.250000
0.000000
187.500000
93.750000
187.500000
93.750000
125.000000
0.000000
0.000000
0.000000
0.000000
0.000000
0.000000
0.000000
0.000000
0.000000
0.000000
109.375000
15.625000
15.625000
218.750000
78.125000
406.250000
1234.375000
531.250000
265.625000
859.375000
0.000000
0.000000
0.000000
15.625000
0.000000
15.625000
15.625000
15.625000
46.875000
15.625000
359.375000
140.625000
343.750000
656.250000
500.000000
2109.375000
1968.750000
2625.000000
1734.375000
2125.000000
15.625000
62.500000
31.250000
46.875000
15.625000
125.000000
250.000000
515.625000
78.125000
296.875000
2531.250000
5687.500000
3312.500000
843.750000
3515.625000
6093.750000
11718.750000
6656.250000
1031.250000
6984.375000
6093.750000
