0.000000
0.000000
0.000000
0.000000
0.000000
0.000000
0.000000
0.000000
0.000000
0.000000
0.000000
15.625000
0.000000
0.000000
0.000000
15.625000
15.625000
15.625000
0.000000
15.625000
0.000000
0.000000
0.000000
0.000000
0.000000
0.000000
0.000000
0.000000
0.000000
0.000000
15.625000
31.250000
31.250000
15.625000
0.000000
156.250000
78.125000
156.250000
93.750000
125.000000
0.000000
0.000000
0.000000
0.000000
0.000000
0.000000
0.000000
0.000000
0.000000
0.000000
62.500000
0.000000
0.000000
140.625000
31.250000
312.500000
1015.625000
406.250000
218.750000
703.125000
0.000000
0.000000
0.000000
0.000000
0.000000
0.000000
0.000000
0.000000
0.000000
0.000000
78.125000
15.625000
46.875000
140.625000
93.750000
828.125000
484.375000
718.750000
531.250000
671.875000
0.000000
0.000000
0.000000
0.000000
0.000000
0.000000
0.000000
0.000000
0.000000
0.000000
31.250000
125.000000
46.875000
0.000000
46.875000
156.250000
625.000000
218.750000
15.625000
218.750000
218.750000
234.375000
